{
  "advancedEditorSelectedIdentifier" : "ProjectBrowser",
  "openSceneRelativePaths" : [
    "Scene.usda",
    "ImmersiveScene.usda"
  ],
  "recentIdentifiers" : {
    "EBB8DDD7-90B8-45F3-B605-63A257B97D62" : [

    ]
  },
  "sceneCameraHistory" : {
    "90C576A0-F90A-43B8-9998-14918A66F863" : [
      {
        "date" : 728090798.671178,
        "title" : "Untitled",
        "transform" : [
          1,
          0,
          -0,
          0,
          -0,
          0.8660253,
          -0.5000002,
          0,
          0,
          0.5000002,
          0.8660253,
          0,
          0,
          0.45596513,
          0.78975487,
          1
        ]
      }
    ],
    "EBB8DDD7-90B8-45F3-B605-63A257B97D62" : [
      {
        "date" : 728094082.973176,
        "title" : "Untitled",
        "transform" : [
          0.9995897,
          2.0148175e-08,
          -0.02864182,
          0,
          -0.012770468,
          0.8950991,
          -0.4456843,
          0,
          0.025637275,
          0.44586727,
          0.8947319,
          0,
          -0.1757083,
          1.819751,
          -0.7247188,
          1
        ]
      },
      {
        "date" : 728094071.925073,
        "title" : "Untitled",
        "transform" : [
          0.993747,
          1.9987581e-08,
          -0.111654945,
          0,
          -0.052693136,
          0.8816369,
          -0.4689772,
          0,
          0.098439135,
          0.47192827,
          0.8761241,
          0,
          0.051068693,
          1.5888249,
          -1.4268372,
          1
        ]
      },
      {
        "date" : 728094068.492953,
        "title" : "Untitled",
        "transform" : [
          0.9896351,
          1.9822853e-08,
          -0.14360464,
          0,
          -0.07407851,
          0.8566787,
          -0.51050353,
          0,
          0.12302303,
          0.5158503,
          0.84779936,
          0,
          0.13383445,
          1.7366956,
          -1.522197,
          1
        ]
      },
      {
        "date" : 728094066.277342,
        "title" : "Untitled",
        "transform" : [
          0.9896352,
          2.0073713e-08,
          -0.14360465,
          0,
          -0.07407849,
          0.8566787,
          -0.5105036,
          0,
          0.123023,
          0.51585025,
          0.8477994,
          0,
          -0.32413542,
          1.7139107,
          -0.6262609,
          1
        ]
      },
      {
        "date" : 728094038.574218,
        "title" : "Untitled",
        "transform" : [
          0.009895443,
          1.8425311e-08,
          -0.9999511,
          0,
          -0.79758054,
          0.60316074,
          -0.007892783,
          0,
          0.60313123,
          0.7976196,
          0.0059685907,
          0,
          0.70538604,
          2.2138999,
          -1.964837,
          1
        ]
      },
      {
        "date" : 728093984.765955,
        "title" : "Untitled",
        "transform" : [
          0.009895488,
          8.0609844e-08,
          -0.999951,
          0,
          -0.7975805,
          0.6031608,
          -0.007892814,
          0,
          0.6031314,
          0.7976196,
          0.005968677,
          0,
          0.86373496,
          2.2950222,
          -1.8067456,
          1
        ]
      },
      {
        "date" : 728093982.614204,
        "title" : "Untitled",
        "transform" : [
          -0.16389112,
          8.052279e-08,
          -0.98647845,
          0,
          -0.70864093,
          0.6956774,
          0.11773191,
          0,
          0.6862709,
          0.7183543,
          -0.114015274,
          0,
          0.8059968,
          2.175137,
          -1.9739915,
          1
        ]
      },
      {
        "date" : 728093979.9973,
        "title" : "Untitled",
        "transform" : [
          -0.16389127,
          -4.9104862e-08,
          -0.9864784,
          0,
          -0.70864105,
          0.69567746,
          0.117731944,
          0,
          0.6862706,
          0.7183544,
          -0.11401548,
          0,
          0.770522,
          1.9174619,
          -2.073339,
          1
        ]
      },
      {
        "date" : 728093977.004664,
        "title" : "Untitled",
        "transform" : [
          -0.0844753,
          -4.9138215e-08,
          -0.99642557,
          0,
          -0.71940416,
          0.6919088,
          0.06098983,
          0,
          0.6894355,
          0.7219849,
          -0.058449242,
          0,
          0.7733401,
          1.9189155,
          -2.051285,
          1
        ]
      },
      {
        "date" : 728093949.836219,
        "title" : "Untitled",
        "transform" : [
          -0.015323307,
          -4.9225356e-08,
          -0.99988264,
          0,
          -0.7880284,
          0.61552036,
          0.012076571,
          0,
          0.61544806,
          0.7881209,
          -0.009431865,
          0,
          0.5766937,
          2.094694,
          -1.9210051,
          1
        ]
      }
    ]
  },
  "selectedSceneRelativePath" : "ImmersiveScene.usda"
}